#HGCROC channel #layer in 8-stack #board channel  #row  #column
0   0   1   0   0
1   0   2   0   1
2   0   3   0   2
3   0   4   0   3
4   0   5   1   3
5   0   6   1   2
6   0   7   1   1
7   0   8   1   0
9   1   1   0   0
11  1   2   0   1
10  1   3   0   2
13  1   4   0   3
12  1   5   1   3
15  1   6   1   2
14  1   7   1   1
16  1   8   1   0
19  2   1   0   0
18  2   2   0   1
21  2   3   0   2
20  2   4   0   3
23  2   5   1   3
22  2   6   1   2
25  2   7   1   1
24  2   8   1   0
27  3   1   0   0
28  3   2   0   1
29  3   3   0   2
30  3   4   0   3
31  3   5   1   3
32  3   6   1   2
33  3   7   1   1
34  3   8   1   0
42  4   1   0   0
43  4   2   0   1
40  4   3   0   2
41  4   4   0   3
38  4   5   1   3
39  4   6   1   2
36  4   7   1   1
37  4   8   1   0
52  5   1   0   0
51  5   2   0   1
50  5   3   0   2
49  5   4   0   3
48  5   5   1   3
47  5   6   1   2
46  5   7   1   1
45  5   8   1   0
61  6   1   0   0
60  6   2   0   1
59  6   3   0   2
58  6   4   0   3
57  6   5   1   3
56  6   6   1   2
55  6   7   1   1
54  6   8   1   0
69  7   1   0   0
70  7   2   0   1
67  7   3   0   2
68  7   4   0   3
65  7   5   1   3
66  7   6   1   2
63  7   7   1   1
64  7   8   1   0
